0 37 38 86 100 86
37 0 20 59 67 57
38 20 0 98 63 48
86 59 98 0 21 4
100 67 63 21 0 18
86 57 48 4 18 0
